//-----------------------------------------------------------------------------------------
// Machine: ID | Name | Operations
//-----------------------------------------------------------------------------------------
0, Press, 7
// Ops: Cycles | Outs | Ins | Out mat IDs | In mat IDs | Out quantities | In quantities
3, 1, 1, 8, 0, 1, 1
3, 1, 1, 9, 1, 1, 1
3, 1, 1, 10, 2, 1, 1
3, 1, 1, 11, 3, 1, 1
3, 1, 1, 12, 4, 1, 1
3, 1, 1, 13, 5, 1, 1
3, 1, 2, 14, 4, 5, 1, 1, 1
//-----------------------------------------------------------------------------------------
// Machine: ID | Name | Operations
//-----------------------------------------------------------------------------------------
1, Roller, 3
// Ops: Cycles | Outs | Ins | Out mat IDs | In mat IDs | Out quantities | In quantities
3, 1, 1, 19, 9, 1, 1
3, 1, 1, 20, 10, 1, 1
3, 1, 1, 21, 10, 1, 1
//-----------------------------------------------------------------------------------------
// Machine: ID | Name | Operations
//-----------------------------------------------------------------------------------------
2, Cutter, 3
// Ops: Cycles | Outs | Ins | Out mat IDs | In mat IDs | Out quantities | In quantities
3, 1, 1, 15, 6, 5, 1
3, 1, 1, 16, 8, 3, 1
3, 1, 1, 17, 8, 1, 1
//-----------------------------------------------------------------------------------------
// Machine: ID | Name | Operations
//-----------------------------------------------------------------------------------------
3, Extruder, 5
// Ops: Cycles | Outs | Ins | Out mat IDs | In mat IDs | Out quantities | In quantities
3, 1, 1, 18, 9, 1, 1
3, 1, 1, 22, 11, 1, 1
3, 1, 1, 28, 13, 1, 1
3, 1, 1, 44, 13, 1, 1
3, 1, 1, 47, 13, 1, 1
//-----------------------------------------------------------------------------------------
// Machine: ID | Name | Operations
//-----------------------------------------------------------------------------------------
4, Assembly, 33
// Ops: Cycles | Outs | Ins | Out mat IDs | In mat IDs | Out quantities | In quantities
5, 1, 2, 23, 15, 20, 10, 1, 1
5, 1, 2, 24, 8, 20, 1, 1, 1
5, 1, 3, 25, 8, 16, 20, 1, 1, 1, 1
5, 1, 2, 26, 8, 21, 1, 1, 1
5, 1, 2, 27, 11, 13, 1, 1, 1
5, 1, 2, 29, 10, 14, 1, 1, 1
5, 1, 2, 30, 15, 20, 5, 1, 1
5, 1, 4, 31, 7, 8, 9, 10, 1, 1, 1, 1, 1
// Ops: Cycles | Outs | Ins | Out mat IDs | In mat IDs | Out quantities | In quantities
3, 1, 2, 32, 24, 29, 1, 1, 1
3, 1, 3, 33, 25, 26, 29, 1, 1, 1, 1
3, 1, 4, 34, 8, 22, 25, 29, 1, 2, 1, 1, 1
3, 1, 4, 35, 8, 20, 24, 25, 1, 1, 1, 1, 1
3, 1, 4, 36, 16, 25, 27, 29, 1, 1, 3, 2, 1
3, 1, 2, 37, 29, 30, 1, 1, 5
3, 1, 2, 38, 29, 23, 1, 1, 10
3, 1, 3, 39, 8, 20, 28, 1, 1, 1, 1
// Ops: Cycles | Outs | Ins | Out mat IDs | In mat IDs | Out quantities | In quantities
3, 1, 2, 40, 8, 12, 1, 1, 1, 1
3, 1, 3, 41, 8, 18, 13, 1, 6, 12, 6
3, 1, 4, 42, 8, 18, 12, 13, 1, 6, 12, 1, 2
3, 1, 4, 43, 8, 18, 12, 13, 1, 6, 12, 1, 1
3, 1, 3, 45, 8, 18, 13, 1, 1, 4, 1
3, 1, 3, 46, 8, 18, 13, 1, 1, 4, 1
// Ops: Cycles | Outs | Ins | Out mat IDs | In mat IDs | Out quantities | In quantities
3, 1, 3, 48, 32, 40, 39, 1, 1, 1, 1
3, 1, 3, 49, 33, 41, 39, 1, 1, 1, 1
3, 1, 3, 50, 34, 42, 39, 1, 1, 1, 1
3, 1, 3, 51, 35, 43, 39, 1, 1, 1, 1
3, 1, 3, 52, 36, 44, 39, 1, 1, 1, 1
3, 1, 3, 53, 37, 45, 39, 1, 1, 1, 1
3, 1, 3, 54, 37, 46, 31, 1, 1, 1, 1
3, 1, 3, 55, 37, 47, 31, 1, 1, 1, 1
// Ops: Cycles | Outs | Ins | Out mat IDs | In mat IDs | Out quantities | In quantities
3, 1, 2, 61, 53, 38, 1, 1, 1
3, 1, 2, 62, 54, 38, 1, 1, 1
3, 1, 2, 63, 55, 28, 1, 1, 4